.github/workflows/sonar.yml
  s_c8486b329bdfb1::t_5fcedbec2b7b2d 1-113
core/pyproject.toml
  s_c8486b329bdfb1::t_2e8a8d56274046 39-40
core/uv.lock
  s_c8486b329bdfb1::t_4c9b497189313f 14,18,20,26-27,29,35,45-110,116-117,119,125,129,131,137-138,140,146,152,154,160-161,163,169-170,172,178,189,191,197,201,203,209,253-254,262,264,270,280,282,288,300,302,308,319,321,327-328,330,336-362,368-369,371,377,382,384,390,395,397,403,410,412,418,422,424,430-447,453-454,456,462,468,470,476,482,484,490-548,554-555,557,563-564,566-574,580-581,583,589,593-656,662-704,710,714,716,722-809,815,819,821,827,831-871,877,884,886,892-893,895-903,909,914,916,922-923,925,931-932,934,940-941,943,949-950,952,958,963,965,971-972,974,980-981,983,989,997,999,1018,1024,1026,1038,1050,1052,1058-1108,1114,1123,1125,1168-1192,1198-1199,1201,1207-1274,1280-1281,1283,1289,1294,1296,1302,1310,1312,1324,1329,1331,1345,1361,1363,1369,1379,1381,1387,1392,1394,1400,1409,1411,1417,1426,1428,1434-1435,1437-1446,1452,1465,1467,1473,1477,1479,1485,1489,1491,1502-1503,1505,1511-1562,1568-1569,1571,1577,1583,1585,1591,1595,1597,1603,1607-1628,1634,1640,1642,1648-1649,1651,1657,1662,1664,1670-1688,1694-1695,1697,1703,1708,1710,1716,1721,1723,1729-1752,1758,1765,1767,1778-1779,1781,1787,1795,1797,1803-1804,1806,1812,1824,1826,1832-1833,1835,1841-1842,1844,1850,1854,1856-1865,1871,1884,1886,1892,1896,1898,1904-1905,1907,1913,1917,1919,1925-1926,1928,1934,1938,1940,1946,1950,1952,1958-1959,1961,1967,1971,1973,1979-2023,2029-2030,2032,2038-2039,2041,2047,2051,2053,2059-2060,2062,2068-2069,2071,2077,2084,2086,2092,2099,2101,2107,2111,2113,2119,2128,2130,2136,2140,2142,2148,2165,2167-2173,2179-2180,2182,2188,2192,2194,2200,2204,2206,2212-2258,2264,2268,2270,2276,2293,2295,2301-2302,2304,2310-2311,2313,2319-2394,2400-2401,2403,2439-2440,2473-2474,2480-2481,2483-2490,2496-2530,2536,2547,2549,2555,2559,2561,2567,2579,2581,2587,2594,2596,2602,2612,2614,2620-2621,2623,2629,2633,2635,2641,2646,2648,2654,2658,2660,2666,2676,2678,2684,2694,2696,2702,2709,2711,2717,2721,2723,2729,2735,2737,2743,2748,2750,2756-2757,2759,2765-2797,2803-2804,2806,2812,2818-2843,2849-2850,2852,2858-2859,2861,2867,2869,2871,2873,2879-2880,2882-2891,2897-2898,2900,2906,2910,2912,2918-2989,2995,2999,3001,3007-3008,3010-3016,3022-3044,3050-3051,3053,3059-3060,3062,3068,3073,3075,3093-3116,3122-3123,3125,3131,3135,3137,3143-3144,3146,3152,3159,3161,3172,3182,3184,3211,3215-3261,3267,3272,3274,3280,3287,3289,3295,3299-3324,3330,3336,3338,3344-3345,3347,3353-3354,3356,3367-3368,3370,3376-3393,3395-3409,3415,3419,3421,3427-3428,3430,3436-3437,3439,3445,3447-3455,3461-3462,3464,3470-3500,3506-3507,3509,3515,3520,3522,3528-3594,3600,3607,3609,3615,3620,3622,3628,3633,3635,3641,3647,3649,3655-3705,3711-3786,3792-3793,3795,3801-3820,3826,3830,3832,3838,3846-3865,3871,3875-3906,3912,3914-3915,3917,3919,3925,3930,3932,3938-3939,3941,3947-3948,3950,3956-3957,3959,3965,3970-3993,4004,4009,4011-4012,4018,4023,4025-4032,4038,4043,4045,4051,4057,4059,4065,4069,4071,4077,4085,4087,4093-4094,4096,4102-4103,4105,4111,4116-4145,4151,4155,4157-4172,4178,4182,4184,4190-4191,4193,4199-4200,4202,4208,4215,4217,4223-4224,4226,4232,4236,4238,4244-4245,4247,4253-4254,4256,4262-4263,4265,4271,4276,4278,4294-4314,4320,4324-4386,4392-4393,4395,4401-4455,4461-4508,4514,4520-4573,4579-4580,4582
services/authz/pyproject.toml
  s_c8486b329bdfb1::t_a2bc22701c7e12 18
services/authz/uv.lock
  s_c8486b329bdfb1::t_e10517b2b450a3 12-13,15,21-22,24,30,34,36,42-43,45,51,55,57,63-150,156-157,159,165,170,172,178,186,188,207,213,215,227,238,240,246-296,302-303,305,311,316,318,324-340,346,353,355,361-362,364,370-371,373,379,383,385,391,395,397,403-449,455-456,458,473,483,489-490,492,498-499,501,507,514,516,527,531-577,583,588,590,596,602,604,610-611,613,619,627-641,643,649-650,652,658-659,661,667-697,703,708,710,716,722,724,730-777,783,788,790,796-797,799,805,809,811,817,824,826,832-833,835,841,845,847,853-854,856,862,867,869,886-906,912,916-963,969-999
services/iac/pyproject.toml
  s_c8486b329bdfb1::t_163fa49f3eb536 24
services/iac/uv.lock
  s_c8486b329bdfb1::t_c7e099e948bd41 12-13,15,21-22,24,30,34,36,42,47,49,55,63,65,71,75,77,83,89,91,97,103,105,111-112,114,120,124-187,193-302,308,312,314,320-407,413,417-457,463-464,466,472,477,479,485,493,495,514,520,522,534,545,547,553-603,609,614,616,627-628,630,636,641,643,649-665,671,678,680,686-687,689,695-696,698,704,708,710,716-717,719,725,729,731,737-783,789-790,792,798,804,806,812,816,818,839,857,863-864,866-873,879-880,882,888-889,891,897-898,900,906,910,912,918-919,921,927,934,936,947,951-997,1003,1008,1010,1016,1022,1024,1030-1031,1033,1039-1040,1042,1053,1061,1063,1069,1073-1087,1089,1095,1099,1101,1107-1108,1110,1116-1117,1119,1125-1155,1161,1168,1170,1176,1181,1183,1189,1195,1197,1203-1250,1256,1260,1262,1268,1273,1275,1281-1282,1284,1290-1291,1293,1299,1303,1305,1311,1318,1320,1326-1327,1329,1335,1339,1341,1347-1348,1350,1356,1361,1363,1380-1400,1406,1410-1457,1463-1493
services/mapping/pyproject.toml
  s_c8486b329bdfb1::t_46275a81ae8e0c 19
services/mapping/uv.lock
  s_c8486b329bdfb1::t_77a922d86642ca 12-13,15,21-22,24,30,34,36,42,46,48,54-55,57,63,67,69,75-76,78-162,168-169,171,177,182,184,190,198,200,219,225,227,239,250,252,258-308,314-315,317,323,328,330,336-352,358,365,367,373-374,376,382-383,385,391,395,397,403,407,409,415-461,467-468,470,486,497,503-504,506-513,519-520,522,528-529,531,537,544,546,557,561-607,613,618,620,626,632,634,640-641,643,649,657,659-673,679-680,682,688-689,691,697-727,733,738,740,746,752,754,760-807,813,818,820,826-827,829,835,839,841,847,854,856,862-863,865,871,875,877,883-884,886,892,897,899,916-936,942,946-993,999-1029
services/notifications/pyproject.toml
  s_c8486b329bdfb1::t_aea2bfc442c729 19
services/notifications/uv.lock
  s_c8486b329bdfb1::t_eefd56bb104a25 12-13,15,21-22,24,30,34,36,42-43,45,51,55,57,63-150,156-157,159,165,170,172,178,186,188,207,213,215,227,238,240,246-296,302-303,305,311,316,318,324-340,346,353,355,361-362,364,370-371,373,379,383,385,391,395,397,403-449,455-456,458,473,486,493-494,496,502-503,505,511,518,520,531,535-581,587,592,594,600,606,608,614-615,617,623,631-645,647,653-654,656,662-663,665,671-701,707,711,713,719,724,726,732,738,740,746-793,799,804,806,812-813,815,821,825,827,833,840,842,848-849,851,857,861,863,869-870,872,878,883,885,902-922,928,932-979,985-1015
---
{
  "schema_version": "authorship/3.0.0",
  "git_ai_version": "1.7.5",
  "base_commit_sha": "0c9d999ca3e5466aaa5517885ad4900fdfe73360",
  "prompts": {},
  "sessions": {
    "s_c8486b329bdfb1": {
      "agent_id": {
        "tool": "github-copilot",
        "id": "s_c8486b329bdfb1",
        "model": "unknown"
      },
      "human_author": "Ivan Alvarez Sabin <ivanasabi@ext.inditex.com>"
    }
  }
}